label 56 	 1.30165743828 	 -0.635673701763 	 0.380721122026 
label 56 	 2.07709336281 	 0.123840510845 	 0.478515356779 
label 56 	 2.080722332 	 0.143076077104 	 0.479606240988 
label 56 	 2.06671500206 	 0.0930486544967 	 0.473590701818 
label 56 	 2.06986474991 	 0.126000493765 	 0.473773092031 
label 56 	 2.01359319687 	 0.127676621079 	 0.407885789871 
label 56 	 2.05028295517 	 0.127529397607 	 0.463071316481 
label 56 	 2.04055213928 	 0.0992161408067 	 0.447480648756 
label 56 	 2.04198360443 	 0.114883750677 	 0.446344017982 
label 56 	 2.02979135513 	 0.100654691458 	 0.418174088001 
label 56 	 2.03322219849 	 0.0816230624914 	 0.414493113756 
label 56 	 0.243860468268 	 1.94321000576 	 0.390386432409 
label 56 	 0.225516229868 	 1.95121383667 	 0.382406145334 
label 56 	 0.191947594285 	 1.97276651859 	 0.382076144218 
label 56 	 0.173919916153 	 1.98631179333 	 0.390459507704 
label 56 	 0.15458227694 	 1.98927283287 	 0.391804397106 
label 56 	 0.161462038755 	 1.98981678486 	 0.38326382637 
label 56 	 0.13333709538 	 2.0015707016 	 0.392900168896 
label 56 	 0.171111062169 	 1.98562216759 	 0.395528137684 
label 56 	 0.131954520941 	 2.00057959557 	 0.399343013763 
label 56 	 0.158848404884 	 1.99460422993 	 0.39624401927 
label 56 	 0.170351162553 	 1.99475979805 	 0.399408578873 
label 56 	 0.1502071172 	 2.00305223465 	 0.396073877811 
label 56 	 0.129386335611 	 2.02040052414 	 0.404852986336 
label 56 	 0.143356949091 	 2.02856040001 	 0.417839199305 
label 56 	 0.135474339128 	 2.02447009087 	 0.40632262826 
label 56 	 0.115892849863 	 2.03715443611 	 0.414025396109 
label 56 	 0.136797964573 	 2.04092049599 	 0.416947156191 
label 56 	 0.156984895468 	 2.03136467934 	 0.409792214632 
label 56 	 0.122700586915 	 2.0443148613 	 0.416883915663 
label 56 	 0.158429920673 	 2.02983784676 	 0.407895505428 
label 56 	 0.158371374011 	 2.0259346962 	 0.408449530602 
label 56 	 0.143687412143 	 2.03007245064 	 0.394286870956 
label 56 	 0.159256562591 	 2.0381155014 	 0.401486873627 
label 56 	 0.141302779317 	 2.03439855576 	 0.394327133894 
label 56 	 0.169025123119 	 2.02600669861 	 0.39239937067 
label 56 	 0.139266043901 	 2.03288459778 	 0.383086889982 
label 56 	 0.138978108764 	 2.0477836132 	 0.384807229042 
label 56 	 0.128251358867 	 2.05538129807 	 0.396391123533 
label 56 	 0.154571205378 	 2.04346513748 	 0.371915459633 
label 56 	 0.150647774339 	 2.05522584915 	 0.379575371742 
label 56 	 0.153968036175 	 2.05944132805 	 0.36897328496 
label 56 	 -1.98124229908 	 1.27375996113 	 0.406908601522 
label 56 	 -1.98580932617 	 1.23872828484 	 0.404097855091 
label 56 	 -2.03115320206 	 1.22330510616 	 0.421510666609 
label 56 	 -2.10655498505 	 1.18901753426 	 0.451110720634 
label 56 	 -2.1474442482 	 1.16322803497 	 0.436384826899 
label 56 	 -2.16251540184 	 1.14474749565 	 0.436854630709 
label 56 	 -2.1555519104 	 1.16571485996 	 0.44370663166 
label 56 	 -2.21734261513 	 1.13584136963 	 0.454613387585 
label 56 	 -2.23324131966 	 1.1352930069 	 0.45925360918 
label 56 	 -2.16119527817 	 1.18476247787 	 0.431506246328 
label 56 	 -2.18426036835 	 1.16856825352 	 0.441324591637 
label 56 	 -2.18421673775 	 1.18678832054 	 0.472417533398 
label 56 	 -2.22192645073 	 1.03997659683 	 0.401647239923 
label 56 	 -2.20995855331 	 1.16040873528 	 0.446425169706 
label 56 	 -2.19153404236 	 1.1836823225 	 0.462858319283 
label 56 	 -2.19266867638 	 1.16764616966 	 0.448020935059 
label 56 	 -2.1874704361 	 1.169013381 	 0.451952069998 
label 56 	 -2.18792176247 	 1.18505942822 	 0.446548849344 
label 56 	 -2.21951246262 	 1.1726757288 	 0.466201066971 
label 56 	 -2.14043307304 	 1.21744441986 	 0.432359993458 
label 56 	 -2.16098809242 	 1.20273065567 	 0.444195598364 
label 56 	 -2.1868083477 	 1.18689680099 	 0.442120552063 
label 56 	 -2.20351433754 	 1.18086528778 	 0.448348850012 
label 56 	 -2.18494105339 	 1.18772518635 	 0.462452799082 
label 56 	 -2.17067956924 	 1.18863475323 	 0.437276273966 
label 56 	 -2.15515756607 	 1.21045327187 	 0.43932941556 
label 56 	 -2.10349678993 	 1.25040411949 	 0.429887741804 
label 56 	 -1.99542999268 	 1.34127783775 	 0.41292744875 
label 56 	 -1.98620915413 	 1.35921227932 	 0.401046395302 
label 56 	 -1.98610067368 	 1.35888147354 	 0.408852219582 
label 56 	 -1.99001836777 	 1.35903680325 	 0.406347364187 
label 56 	 -1.99749159813 	 1.3489357233 	 0.405084997416 
label 56 	 -2.02044343948 	 1.29954588413 	 0.409677386284 
label 56 	 -2.0785984993 	 1.24520015717 	 0.414997160435 
label 56 	 -2.16730308533 	 1.16893064976 	 0.442313283682 
label 56 	 -2.1993522644 	 1.14574182034 	 0.428246855736 
label 56 	 -2.22875261307 	 1.10940444469 	 0.441237777472 
label 56 	 -2.07241010666 	 0.580436468124 	 0.429506421089 
label 56 	 -2.07779169083 	 0.348151355982 	 0.472340494394 
label 56 	 -2.07511091232 	 0.337357252836 	 0.445501774549 
label 56 	 -2.0775680542 	 0.311436355114 	 0.441277354956 
label 56 	 -2.05407094955 	 0.201116070151 	 0.435984969139 
label 56 	 -2.08177089691 	 0.13343629241 	 0.442031264305 
label 56 	 -2.0916030407 	 0.208268254995 	 0.450400292873 
label 56 	 -2.05243897438 	 0.175568014383 	 0.441936641932 
label 56 	 -2.07092761993 	 0.230515778065 	 0.436540156603 
label 56 	 -2.09050416946 	 0.261075794697 	 0.43557202816 
label 56 	 -2.08926725388 	 0.306456774473 	 0.439953833818 
label 56 	 -2.08388590813 	 0.379166781902 	 0.421441495419 
label 56 	 -2.10449361801 	 0.399858027697 	 0.428673505783 
label 56 	 -2.11069273949 	 0.393955528736 	 0.456725269556 
label 56 	 -2.10639071465 	 0.537526071072 	 0.41012737155 
label 56 	 -2.12664651871 	 0.509380102158 	 0.452857792377 
label 56 	 -2.11669754982 	 0.561526298523 	 0.432406097651 
label 56 	 -2.14939260483 	 0.594956219196 	 0.46402657032 
label 56 	 -2.13281917572 	 0.673548638821 	 0.44575497508 
label 56 	 -2.17318058014 	 0.615228354931 	 0.441656768322 
label 56 	 -2.19075298309 	 0.599600017071 	 0.437417119741 
label 56 	 -2.17013597488 	 0.435007333755 	 0.419648736715 
label 56 	 -1.92772173882 	 -0.68415915966 	 0.436893731356 
label 56 	 -2.22554206848 	 0.321214079857 	 0.439970731735 
label 56 	 -2.29601407051 	 0.266738981009 	 0.447492897511 
label 56 	 -1.89685666561 	 -0.686812460423 	 0.352834314108 
label 56 	 -1.8884884119 	 -0.767020463943 	 0.363810509443 
label 56 	 -1.90229380131 	 -0.651449143887 	 0.355193763971 
label 56 	 -1.66893553734 	 -1.65737175941 	 0.397987008095 
label 56 	 -1.90563690662 	 -0.706733286381 	 0.356093883514 
label 56 	 -1.90220594406 	 -0.730000197887 	 0.357966125011 
label 56 	 -1.91359901428 	 -0.676012575626 	 0.352328598499 
label 56 	 -1.91916108131 	 -0.661535084248 	 0.345737099648 
label 56 	 -1.91057491302 	 -0.732688426971 	 0.355155467987 
label 56 	 -1.91448938847 	 -0.65826177597 	 0.344855129719 
label 56 	 -1.93424606323 	 -0.678120136261 	 0.366087853909 
label 56 	 -1.94198060036 	 -0.6906504035 	 0.373247414827 
label 56 	 -1.95552241802 	 -0.622377693653 	 0.371834784746 
label 56 	 -1.94898784161 	 -0.691342294216 	 0.394361913204 
label 56 	 -1.95724320412 	 -0.672373116016 	 0.390767723322 
label 56 	 -1.96596586704 	 -0.736023008823 	 0.418457210064 
label 56 	 -1.98050141335 	 -0.70858079195 	 0.420990556479 
label 56 	 -1.97897458076 	 -0.704352915287 	 0.419094890356 
label 56 	 -1.9905449152 	 -0.752713024616 	 0.437370210886 
label 56 	 -1.992005229 	 -0.701186597347 	 0.413086920977 
label 56 	 -1.99856758118 	 -0.693352460861 	 0.423586696386 
label 56 	 -2.0146458149 	 -0.682978212833 	 0.408021360636 
label 56 	 -2.01349925995 	 -0.654055953026 	 0.40079370141 
label 56 	 -2.0123796463 	 -0.725081324577 	 0.422857314348 
label 56 	 -2.00107526779 	 -0.677582800388 	 0.397606909275 
label 56 	 -2.02004528046 	 -0.748123764992 	 0.413349062204 
label 56 	 -2.00525212288 	 -0.801190018654 	 0.410532981157 
label 56 	 -2.03405499458 	 -0.821362674236 	 0.474061816931 
label 56 	 -1.98286402225 	 -0.957992076874 	 0.511703968048 
label 56 	 -1.99820637703 	 -1.00291442871 	 0.519220948219 
